Classes: ['T-shirt/top', 'Trouser', 'Pullover', 'Dress', 'Coat', 'Sandal', 'Shirt', 'Sneaker', 'Bag', 'Ankle boot']

[[857   1  25  32   5   1  72   0   7   0]
 [  4 967   3  15   2   1   7   0   1   0]
 [ 22   1 837   7  52   0  79   0   2   0]
 [ 67  15  23 781  32   2  78   0   2   0]
 [  8   2  97  26 763   0 104   0   0   0]
 [  0   0   0   0   0 971   0  18   0  11]
 [170   2  79  28  94   0 615   0  12   0]
 [  0   0   0   0   0  79   0 891   1  29]
 [  9   1   8   4   7  16  12   1 941   1]
 [  1   0   0   1   0  15   1  40   1 941]]

              precision    recall  f1-score   support

 T-shirt/top     0.7531    0.8570    0.8017      1000
     Trouser     0.9778    0.9670    0.9723      1000
    Pullover     0.7808    0.8370    0.8079      1000
       Dress     0.8736    0.7810    0.8247      1000
        Coat     0.7990    0.7630    0.7806      1000
      Sandal     0.8949    0.9710    0.9314      1000
       Shirt     0.6353    0.6150    0.6250      1000
     Sneaker     0.9379    0.8910    0.9138      1000
         Bag     0.9731    0.9410    0.9568      1000
  Ankle boot     0.9582    0.9410    0.9495      1000

    accuracy                         0.8564     10000
   macro avg     0.8584    0.8564    0.8564     10000
weighted avg     0.8584    0.8564    0.8564     10000
